1.085787 1.080188 -0.057888 0.000000 0.000000 0.000000 0.000000 0.000000 0.000000
5.476196 1.083289 -0.061222 0.000000 0.000000 0.000000 0.000000 0.000000 0.000000
9.866824 1.084839 -0.061222 0.000000 0.000000 0.000000 0.000000 0.000000 0.000000
14.261547 1.084839 -0.061222 0.000000 0.000000 0.000000 0.000000 0.000000 0.000000
18.650786 1.084839 -0.058555 0.000000 0.000000 0.000000 0.000000 0.000000 0.000000
23.043957 1.084839 -0.057888 0.000000 0.000000 0.000000 0.000000 0.000000 0.000000
27.436116 1.084839 -0.051888 0.000000 0.000000 0.000000 0.000000 0.000000 0.000000
31.828276 1.084839 -0.045888 0.000000 0.000000 0.000000 0.000000 0.000000 0.000000
36.220097 1.084839 -0.039888 0.000000 0.000000 0.000000 0.000000 0.000000 0.000000
40.612056 1.084839 -0.030555 0.000000 0.000000 0.000000 0.000000 0.000000 0.000000
1.090435 5.560535 -0.025222 0.000000 0.000000 0.000000 0.000000 0.000000 0.000000
5.479317 5.563635 -0.027222 0.000000 0.000000 0.000000 0.000000 0.000000 0.000000
9.869588 5.563635 -0.029222 0.000000 0.000000 0.000000 0.000000 0.000000 0.000000
14.263258 5.562085 -0.031222 0.000000 0.000000 0.000000 0.000000 0.000000 0.000000
18.652156 5.563635 -0.030555 0.000000 0.000000 0.000000 0.000000 0.000000 0.000000
23.044136 5.563635 -0.028555 0.000000 0.000000 0.000000 0.000000 0.000000 0.000000
27.436114 5.563635 -0.026555 0.000000 0.000000 0.000000 0.000000 0.000000 0.000000
31.829626 5.563635 -0.021222 0.000000 0.000000 0.000000 0.000000 0.000000 0.000000
36.220077 5.563635 -0.017222 0.000000 0.000000 0.000000 0.000000 0.000000 0.000000
40.612056 5.562085 -0.008555 0.000000 0.000000 0.000000 0.000000 0.000000 0.000000
1.090438 10.037781 -0.001888 0.000000 0.000000 0.000000 0.000000 0.000000 0.000000
5.479317 10.040881 -0.003222 0.000000 0.000000 0.000000 0.000000 0.000000 0.000000
9.869588 10.040881 -0.005888 0.000000 0.000000 0.000000 0.000000 0.000000 0.000000
14.261904 10.040881 -0.008555 0.000000 0.000000 0.000000 0.000000 0.000000 0.000000
18.652156 10.040881 -0.008555 0.000000 0.000000 0.000000 0.000000 0.000000 0.000000
23.042766 10.042432 -0.009888 0.000000 0.000000 0.000000 0.000000 0.000000 0.000000
27.436116 10.040881 -0.005888 0.000000 0.000000 0.000000 0.000000 0.000000 0.000000
31.829647 10.040881 -0.005222 0.000000 0.000000 0.000000 0.000000 0.000000 0.000000
36.220077 10.040881 0.003445 0.000000 0.000000 0.000000 0.000000 0.000000 0.000000
40.612056 10.040881 0.009445 0.000000 0.000000 0.000000 0.000000 0.000000 0.000000
1.088890 14.516577 0.023445 0.000000 0.000000 0.000000 0.000000 0.000000 0.000000
5.479317 14.519678 0.025445 0.000000 0.000000 0.000000 0.000000 0.000000 0.000000
9.869747 14.519678 0.019445 0.000000 0.000000 0.000000 0.000000 0.000000 0.000000
14.261727 14.518127 0.016778 0.000000 0.000000 0.000000 0.000000 0.000000 0.000000
18.652156 14.519678 0.015445 0.000000 0.000000 0.000000 0.000000 0.000000 0.000000
23.044134 14.519678 0.013445 0.000000 0.000000 0.000000 0.000000 0.000000 0.000000
27.436116 14.519678 0.012112 0.000000 0.000000 0.000000 0.000000 0.000000 0.000000
31.828096 14.518127 0.013445 0.000000 0.000000 0.000000 0.000000 0.000000 0.000000
36.220077 14.518127 0.018778 0.000000 0.000000 0.000000 0.000000 0.000000 0.000000
40.612056 14.518127 0.025445 0.000000 0.000000 0.000000 0.000000 0.000000 0.000000
1.090438 18.993823 0.048778 0.000000 0.000000 0.000000 0.000000 0.000000 0.000000
5.479317 18.998474 0.043445 0.000000 0.000000 0.000000 0.000000 0.000000 0.000000
9.869747 18.996924 0.043445 0.000000 0.000000 0.000000 0.000000 0.000000 0.000000
14.263098 18.996924 0.040112 0.000000 0.000000 0.000000 0.000000 0.000000 0.000000
18.652156 18.996924 0.037445 0.000000 0.000000 0.000000 0.000000 0.000000 0.000000
23.044134 18.996924 0.034778 0.000000 0.000000 0.000000 0.000000 0.000000 0.000000
27.436098 18.996924 0.032112 0.000000 0.000000 0.000000 0.000000 0.000000 0.000000
31.829626 18.996924 0.034112 0.000000 0.000000 0.000000 0.000000 0.000000 0.000000
36.221466 18.996924 0.037445 0.000000 0.000000 0.000000 0.000000 0.000000 0.000000
40.612056 18.996924 0.040778 0.000000 0.000000 0.000000 0.000000 0.000000 0.000000
1.088906 23.472620 0.070778 0.000000 0.000000 0.000000 0.000000 0.000000 0.000000
5.479317 23.475720 0.065445 0.000000 0.000000 0.000000 0.000000 0.000000 0.000000
9.869747 23.475720 0.064778 0.000000 0.000000 0.000000 0.000000 0.000000 0.000000
14.261727 23.474170 0.060112 0.000000 0.000000 0.000000 0.000000 0.000000 0.000000
18.652156 23.474170 0.056778 0.000000 0.000000 0.000000 0.000000 0.000000 0.000000
23.044136 23.475720 0.055445 0.000000 0.000000 0.000000 0.000000 0.000000 0.000000
27.436116 23.475720 0.052778 0.000000 0.000000 0.000000 0.000000 0.000000 0.000000
31.828096 23.475720 0.025445 0.000000 0.000000 0.000000 0.000000 0.000000 0.000000
36.220079 23.474170 0.053445 0.000000 0.000000 0.000000 0.000000 0.000000 0.000000
40.612056 23.475720 0.058112 0.000000 0.000000 0.000000 0.000000 0.000000 0.000000
1.089046 27.951416 0.090778 0.000000 0.000000 0.000000 0.000000 0.000000 0.000000
5.479317 27.952966 0.089445 0.000000 0.000000 0.000000 0.000000 0.000000 0.000000
9.869747 27.952966 0.086112 0.000000 0.000000 0.000000 0.000000 0.000000 0.000000
14.261727 27.952966 0.080778 0.000000 0.000000 0.000000 0.000000 0.000000 0.000000
18.652156 27.952966 0.077445 0.000000 0.000000 0.000000 0.000000 0.000000 0.000000
23.044136 27.952966 0.058112 0.000000 0.000000 0.000000 0.000000 0.000000 0.000000
27.436116 27.952966 0.062112 0.000000 0.000000 0.000000 0.000000 0.000000 0.000000
31.829488 27.952966 0.065445 0.000000 0.000000 0.000000 0.000000 0.000000 0.000000
36.221606 27.952966 0.065445 0.000000 0.000000 0.000000 0.000000 0.000000 0.000000
40.612056 27.952966 0.071445 0.000000 0.000000 0.000000 0.000000 0.000000 0.000000
1.090438 32.427112 0.114112 0.000000 0.000000 0.000000 0.000000 0.000000 0.000000
5.479317 32.430212 0.112112 0.000000 0.000000 0.000000 0.000000 0.000000 0.000000
9.869747 32.431763 0.108112 0.000000 0.000000 0.000000 0.000000 0.000000 0.000000
14.261729 32.430212 0.102112 0.000000 0.000000 0.000000 0.000000 0.000000 0.000000
18.652156 32.430212 0.096778 0.000000 0.000000 0.000000 0.000000 0.000000 0.000000
23.044136 32.431763 0.090778 0.000000 0.000000 0.000000 0.000000 0.000000 0.000000
27.436116 32.431763 0.086778 0.000000 0.000000 0.000000 0.000000 0.000000 0.000000
31.828096 32.430212 0.086778 0.000000 0.000000 0.000000 0.000000 0.000000 0.000000
36.221606 32.431763 0.085445 0.000000 0.000000 0.000000 0.000000 0.000000 0.000000
40.612056 32.431763 0.089445 0.000000 0.000000 0.000000 0.000000 0.000000 0.000000
1.089049 36.907458 0.136112 0.000000 0.000000 0.000000 0.000000 0.000000 0.000000
5.479317 36.909009 0.132112 0.000000 0.000000 0.000000 0.000000 0.000000 0.000000
9.869747 36.909009 0.128778 0.000000 0.000000 0.000000 0.000000 0.000000 0.000000
14.261904 36.909009 0.123445 0.000000 0.000000 0.000000 0.000000 0.000000 0.000000
18.652156 36.909009 0.115445 0.000000 0.000000 0.000000 0.000000 0.000000 0.000000
23.044136 36.909009 0.112112 0.000000 0.000000 0.000000 0.000000 0.000000 0.000000
27.436116 36.909009 0.108778 0.000000 0.000000 0.000000 0.000000 0.000000 0.000000
31.828255 36.909009 0.106112 0.000000 0.000000 0.000000 0.000000 0.000000 0.000000
36.221447 36.909009 0.105445 0.000000 0.000000 0.000000 0.000000 0.000000 0.000000
40.612056 36.909009 0.107445 0.000000 0.000000 0.000000 0.000000 0.000000 0.000000
1.090436 41.384705 0.155445 0.000000 0.000000 0.000000 0.000000 0.000000 0.000000
5.479317 41.386255 0.151445 0.000000 0.000000 0.000000 0.000000 0.000000 0.000000
9.869747 41.387805 0.145445 0.000000 0.000000 0.000000 0.000000 0.000000 0.000000
14.261886 41.387805 0.136778 0.000000 0.000000 0.000000 0.000000 0.000000 0.000000
18.652156 41.386255 0.136112 0.000000 0.000000 0.000000 0.000000 0.000000 0.000000
23.044136 41.386255 0.130778 0.000000 0.000000 0.000000 0.000000 0.000000 0.000000
27.436116 41.386255 0.126778 0.000000 0.000000 0.000000 0.000000 0.000000 0.000000
31.828096 41.386255 0.121445 0.000000 0.000000 0.000000 0.000000 0.000000 0.000000
36.220095 41.387805 0.119445 0.000000 0.000000 0.000000 0.000000 0.000000 0.000000
40.612056 41.386255 0.121445 0.000000 0.000000 0.000000 0.000000 0.000000 0.000000
1.088888 45.861951 0.176778 0.000000 0.000000 0.000000 0.000000 0.000000 0.000000
5.479317 45.865051 0.170778 0.000000 0.000000 0.000000 0.000000 0.000000 0.000000
9.869747 45.865051 0.165445 0.000000 0.000000 0.000000 0.000000 0.000000 0.000000
14.261747 45.865051 0.158778 0.000000 0.000000 0.000000 0.000000 0.000000 0.000000
18.652156 45.865051 0.156112 0.000000 0.000000 0.000000 0.000000 0.000000 0.000000
23.044136 45.865051 0.152112 0.000000 0.000000 0.000000 0.000000 0.000000 0.000000
27.436116 45.865051 0.144778 0.000000 0.000000 0.000000 0.000000 0.000000 0.000000
31.828097 45.865051 0.139445 0.000000 0.000000 0.000000 0.000000 0.000000 0.000000
36.221447 45.865051 0.137445 0.000000 0.000000 0.000000 0.000000 0.000000 0.000000
40.612056 45.865051 0.114112 0.000000 0.000000 0.000000 0.000000 0.000000 0.000000
