0.348247 0.344929 -0.004134 -1.031690 0.000000 0.000000 0.000000 0.000000 0.000000
4.468926 0.344929 0.001124 -1.031690 0.000000 0.000000 0.000000 0.000000 0.000000
8.574102 0.344929 0.007040 -1.031690 0.000000 0.000000 0.000000 0.000000 0.000000
12.685479 0.344929 0.014271 -1.031690 0.000000 0.000000 0.000000 0.000000 0.000000
16.809258 0.344929 0.020187 -1.031690 0.000000 0.000000 0.000000 0.000000 0.000000
20.912883 0.344929 0.029390 -1.031690 0.000000 0.000000 0.000000 0.000000 0.000000
25.022710 0.344929 0.032677 -1.031690 0.000000 0.000000 0.000000 0.000000 0.000000
29.148040 0.344929 0.032677 -1.031690 0.000000 0.000000 0.000000 0.000000 0.000000
33.254766 0.344929 0.034649 -1.031690 0.000000 0.000000 0.000000 0.000000 0.000000
37.364592 0.344929 0.035306 -1.031690 0.000000 0.000000 0.000000 0.000000 0.000000
41.485271 0.344929 0.034649 -1.031690 0.000000 0.000000 0.000000 0.000000 0.000000
45.596648 0.344929 0.032019 -1.031690 0.000000 0.000000 0.000000 0.000000 0.000000
49.706475 0.344929 0.028075 -1.031690 0.000000 0.000000 0.000000 0.000000 0.000000
0.338945 4.457856 0.032019 -1.031690 0.000000 0.000000 0.000000 0.000000 0.000000
4.467376 4.457856 0.032019 -1.031690 0.000000 0.000000 0.000000 0.000000 0.000000
8.574102 4.457856 0.044509 -1.031690 0.000000 0.000000 0.000000 0.000000 0.000000
12.685479 4.457856 0.048453 -1.031690 0.000000 0.000000 0.000000 0.000000 0.000000
16.809258 4.457856 0.053054 -1.031690 0.000000 0.000000 0.000000 0.000000 0.000000
20.914434 4.457856 0.056998 -1.031690 0.000000 0.000000 0.000000 0.000000 0.000000
25.024260 4.457856 0.060942 -1.031690 0.000000 0.000000 0.000000 0.000000 0.000000
29.148040 4.457856 0.060285 -1.031690 0.000000 0.000000 0.000000 0.000000 0.000000
33.254766 4.457856 0.063571 -1.031690 0.000000 0.000000 0.000000 0.000000 0.000000
37.364592 4.457856 0.062914 -1.031690 0.000000 0.000000 0.000000 0.000000 0.000000
41.485271 4.457856 0.063571 -1.031690 0.000000 0.000000 0.000000 0.000000 0.000000
45.596648 4.457856 0.060285 -1.031690 0.000000 0.000000 0.000000 0.000000 0.000000
49.706475 4.457856 0.056341 -1.031690 0.000000 0.000000 0.000000 0.000000 0.000000
0.338945 8.570783 0.063571 -1.031690 0.000000 0.000000 0.000000 0.000000 0.000000
4.468926 8.572334 0.066858 -1.031690 0.000000 0.000000 0.000000 0.000000 0.000000
8.574102 8.570783 0.072116 -1.031690 0.000000 0.000000 0.000000 0.000000 0.000000
12.687029 8.572334 0.076718 -1.031690 0.000000 0.000000 0.000000 0.000000 0.000000
16.809258 8.572334 0.079347 -1.031690 0.000000 0.000000 0.000000 0.000000 0.000000
20.914434 8.572334 0.082634 -1.031690 0.000000 0.000000 0.000000 0.000000 0.000000
25.024260 8.572334 0.085263 -1.031690 0.000000 0.000000 0.000000 0.000000 0.000000
29.148040 8.572334 0.084606 -1.031690 0.000000 0.000000 0.000000 0.000000 0.000000
33.254766 8.572334 0.084606 -1.031690 0.000000 0.000000 0.000000 0.000000 0.000000
37.364592 8.572334 0.084606 -1.031690 0.000000 0.000000 0.000000 0.000000 0.000000
41.485271 8.572334 0.081976 -1.031690 0.000000 0.000000 0.000000 0.000000 0.000000
45.596648 8.572334 0.081319 -1.031690 0.000000 0.000000 0.000000 0.000000 0.000000
49.706475 8.572334 0.078690 -1.031690 0.000000 0.000000 0.000000 0.000000 0.000000
0.338945 12.683711 0.106298 -1.031690 0.000000 0.000000 0.000000 0.000000 0.000000
4.468926 12.685261 0.106298 -1.031690 0.000000 0.000000 0.000000 0.000000 0.000000
8.574102 12.685261 0.106298 -1.031690 0.000000 0.000000 0.000000 0.000000 0.000000
12.687029 12.685261 0.110899 -1.031690 0.000000 0.000000 0.000000 0.000000 0.000000
16.809258 12.685261 0.112214 -1.031690 0.000000 0.000000 0.000000 0.000000 0.000000
20.914434 12.685261 0.112871 -1.031690 0.000000 0.000000 0.000000 0.000000 0.000000
25.024260 12.685261 0.112871 -1.031690 0.000000 0.000000 0.000000 0.000000 0.000000
29.146489 12.685261 0.113528 -1.031690 0.000000 0.000000 0.000000 0.000000 0.000000
33.254766 12.685261 0.116158 -1.031690 0.000000 0.000000 0.000000 0.000000 0.000000
37.364592 12.685261 0.113528 -1.031690 0.000000 0.000000 0.000000 0.000000 0.000000
41.485271 12.685261 0.112871 -1.031690 0.000000 0.000000 0.000000 0.000000 0.000000
45.596648 12.685261 0.112214 -1.031690 0.000000 0.000000 0.000000 0.000000 0.000000
49.706475 12.685261 0.108927 -1.031690 0.000000 0.000000 0.000000 0.000000 0.000000
0.338945 16.798188 0.141136 -1.031690 0.000000 0.000000 0.000000 0.000000 0.000000
4.468926 16.798188 0.137192 -1.031690 0.000000 0.000000 0.000000 0.000000 0.000000
8.574102 16.798188 0.137850 -1.031690 0.000000 0.000000 0.000000 0.000000 0.000000
12.688579 16.798188 0.140479 -1.031690 0.000000 0.000000 0.000000 0.000000 0.000000
16.809258 16.798188 0.141136 -1.031690 0.000000 0.000000 0.000000 0.000000 0.000000
20.914434 16.798188 0.140479 -1.031690 0.000000 0.000000 0.000000 0.000000 0.000000
25.024260 16.798188 0.143766 -1.031690 0.000000 0.000000 0.000000 0.000000 0.000000
29.146489 16.798188 0.142451 -1.031690 0.000000 0.000000 0.000000 0.000000 0.000000
33.254766 16.798188 0.141136 -1.031690 0.000000 0.000000 0.000000 0.000000 0.000000
37.364592 16.798188 0.140479 -1.031690 0.000000 0.000000 0.000000 0.000000 0.000000
41.485271 16.798188 0.139164 -1.031690 0.000000 0.000000 0.000000 0.000000 0.000000
45.596648 16.798188 0.138507 -1.031690 0.000000 0.000000 0.000000 0.000000 0.000000
49.706475 16.798188 0.134563 -1.031690 0.000000 0.000000 0.000000 0.000000 0.000000
0.338945 20.911115 0.174660 -1.031690 0.000000 0.000000 0.000000 0.000000 0.000000
4.468926 20.912666 0.171374 -1.031690 0.000000 0.000000 0.000000 0.000000 0.000000
8.575652 20.912666 0.171374 -1.031690 0.000000 0.000000 0.000000 0.000000 0.000000
12.687029 20.912666 0.171374 -1.031690 0.000000 0.000000 0.000000 0.000000 0.000000
16.809258 20.911115 0.168087 -1.031690 0.000000 0.000000 0.000000 0.000000 0.000000
20.914434 20.912666 0.165458 -1.031690 0.000000 0.000000 0.000000 0.000000 0.000000
25.025811 20.912666 0.162828 -1.031690 0.000000 0.000000 0.000000 0.000000 0.000000
29.146489 20.912666 0.162828 -1.031690 0.000000 0.000000 0.000000 0.000000 0.000000
33.256316 20.912666 0.165458 -1.031690 0.000000 0.000000 0.000000 0.000000 0.000000
37.366143 20.912666 0.162828 -1.031690 0.000000 0.000000 0.000000 0.000000 0.000000
41.485271 20.912666 0.162171 -1.031690 0.000000 0.000000 0.000000 0.000000 0.000000
45.596648 20.912666 0.162171 -1.031690 0.000000 0.000000 0.000000 0.000000 0.000000
49.708025 20.911115 0.158227 -1.031690 0.000000 0.000000 0.000000 0.000000 0.000000
0.338945 25.022492 0.214100 -1.031690 0.000000 0.000000 0.000000 0.000000 0.000000
4.468926 25.025593 0.208184 -1.031690 0.000000 0.000000 0.000000 0.000000 0.000000
8.575652 25.025593 0.204898 -1.031690 0.000000 0.000000 0.000000 0.000000 0.000000
12.688579 25.025593 0.202926 -1.031690 0.000000 0.000000 0.000000 0.000000 0.000000
16.809258 25.024043 0.201611 -1.031690 0.000000 0.000000 0.000000 0.000000 0.000000
20.915984 25.024043 0.202268 -1.031690 0.000000 0.000000 0.000000 0.000000 0.000000
25.025811 25.025593 0.198982 -1.031690 0.000000 0.000000 0.000000 0.000000 0.000000
29.148040 25.025593 0.197667 -1.031690 0.000000 0.000000 0.000000 0.000000 0.000000
33.256316 25.025593 0.197010 -1.031690 0.000000 0.000000 0.000000 0.000000 0.000000
37.366143 25.024043 0.196352 -1.031690 0.000000 0.000000 0.000000 0.000000 0.000000
41.485271 25.024043 0.195695 -1.031690 0.000000 0.000000 0.000000 0.000000 0.000000
45.596648 25.025593 0.193066 -1.031690 0.000000 0.000000 0.000000 0.000000 0.000000
49.708025 25.025593 0.189779 -1.031690 0.000000 0.000000 0.000000 0.000000 0.000000
0.338945 29.136970 0.251568 -1.031690 0.000000 0.000000 0.000000 0.000000 0.000000
4.467376 29.138520 0.239079 -1.031690 0.000000 0.000000 0.000000 0.000000 0.000000
8.574102 29.138520 0.235792 -1.031690 0.000000 0.000000 0.000000 0.000000 0.000000
12.688579 29.138520 0.233163 -1.031690 0.000000 0.000000 0.000000 0.000000 0.000000
16.809258 29.138520 0.229876 -1.031690 0.000000 0.000000 0.000000 0.000000 0.000000
20.915984 29.138520 0.229219 -1.031690 0.000000 0.000000 0.000000 0.000000 0.000000
25.025811 29.138520 0.226590 -1.031690 0.000000 0.000000 0.000000 0.000000 0.000000
29.146489 29.138520 0.223960 -1.031690 0.000000 0.000000 0.000000 0.000000 0.000000
33.256316 29.138520 0.223303 -1.031690 0.000000 0.000000 0.000000 0.000000 0.000000
37.366143 29.138520 0.220674 -1.031690 0.000000 0.000000 0.000000 0.000000 0.000000
41.485271 29.138520 0.218044 -1.031690 0.000000 0.000000 0.000000 0.000000 0.000000
45.596648 29.138520 0.216072 -1.031690 0.000000 0.000000 0.000000 0.000000 0.000000
49.708025 29.138520 0.214758 -1.031690 0.000000 0.000000 0.000000 0.000000 0.000000
0.337395 33.252998 0.283120 -1.031690 0.000000 0.000000 0.000000 0.000000 0.000000
4.467376 33.251447 0.273918 -1.031690 0.000000 0.000000 0.000000 0.000000 0.000000
8.574102 33.251447 0.267344 -1.031690 0.000000 0.000000 0.000000 0.000000 0.000000
12.688579 33.251447 0.260771 -1.031690 0.000000 0.000000 0.000000 0.000000 0.000000
16.809258 33.251447 0.257484 -1.031690 0.000000 0.000000 0.000000 0.000000 0.000000
20.915984 33.251447 0.254198 -1.031690 0.000000 0.000000 0.000000 0.000000 0.000000
25.025811 33.251447 0.251568 -1.031690 0.000000 0.000000 0.000000 0.000000 0.000000
29.148040 33.251447 0.248282 -1.031690 0.000000 0.000000 0.000000 0.000000 0.000000
33.256316 33.251447 0.245652 -1.031690 0.000000 0.000000 0.000000 0.000000 0.000000
37.366143 33.251447 0.244338 -1.031690 0.000000 0.000000 0.000000 0.000000 0.000000
41.485271 33.251447 0.243023 -1.031690 0.000000 0.000000 0.000000 0.000000 0.000000
45.596648 33.251447 0.239736 -1.031690 0.000000 0.000000 0.000000 0.000000 0.000000
49.708025 33.251447 0.237764 -1.031690 0.000000 0.000000 0.000000 0.000000 0.000000
0.337395 37.362824 0.319931 -1.031690 0.000000 0.000000 0.000000 0.000000 0.000000
4.468926 37.364375 0.307442 -1.031690 0.000000 0.000000 0.000000 0.000000 0.000000
8.575652 37.364375 0.301526 -1.031690 0.000000 0.000000 0.000000 0.000000 0.000000
12.688579 37.364375 0.298239 -1.031690 0.000000 0.000000 0.000000 0.000000 0.000000
16.809258 37.364375 0.291666 -1.031690 0.000000 0.000000 0.000000 0.000000 0.000000
20.915984 37.364375 0.285092 -1.031690 0.000000 0.000000 0.000000 0.000000 0.000000
25.025811 37.364375 0.279176 -1.031690 0.000000 0.000000 0.000000 0.000000 0.000000
29.148040 37.365925 0.276547 -1.031690 0.000000 0.000000 0.000000 0.000000 0.000000
33.257866 37.364375 0.273918 -1.031690 0.000000 0.000000 0.000000 0.000000 0.000000
37.367693 37.364375 0.271288 -1.031690 0.000000 0.000000 0.000000 0.000000 0.000000
41.485271 37.364375 0.269316 -1.031690 0.000000 0.000000 0.000000 0.000000 0.000000
45.596648 37.365925 0.269316 -1.031690 0.000000 0.000000 0.000000 0.000000 0.000000
49.709575 37.364375 0.313358 -1.031690 0.000000 0.000000 0.000000 0.000000 0.000000
0.337395 41.478852 0.353455 -1.031690 0.000000 0.000000 0.000000 0.000000 0.000000
4.468926 41.477302 0.344252 -1.031690 0.000000 0.000000 0.000000 0.000000 0.000000
8.577202 41.477302 0.333078 -1.031690 0.000000 0.000000 0.000000 0.000000 0.000000
12.691680 41.478852 0.327819 -1.031690 0.000000 0.000000 0.000000 0.000000 0.000000
16.810808 41.478852 0.322560 -1.031690 0.000000 0.000000 0.000000 0.000000 0.000000
20.917534 41.478852 0.313358 -1.031690 0.000000 0.000000 0.000000 0.000000 0.000000
25.028911 41.478852 0.307442 -1.031690 0.000000 0.000000 0.000000 0.000000 0.000000
29.149590 41.478852 0.304155 -1.031690 0.000000 0.000000 0.000000 0.000000 0.000000
33.259417 41.477302 0.300868 -1.031690 0.000000 0.000000 0.000000 0.000000 0.000000
37.369243 41.478852 0.298239 -1.031690 0.000000 0.000000 0.000000 0.000000 0.000000
41.486821 41.478852 0.292323 -1.031690 0.000000 0.000000 0.000000 0.000000 0.000000
45.598198 41.478852 0.304812 -1.031690 0.000000 0.000000 0.000000 0.000000 0.000000
49.709575 41.477302 0.291008 -1.031690 0.000000 0.000000 0.000000 0.000000 0.000000
0.337395 45.590229 0.387636 -1.031690 0.000000 0.000000 0.000000 0.000000 0.000000
4.468926 45.591779 0.375147 -1.031690 0.000000 0.000000 0.000000 0.000000 0.000000
8.577202 45.591779 0.363315 -1.031690 0.000000 0.000000 0.000000 0.000000 0.000000
12.690130 45.591779 0.356742 -1.031690 0.000000 0.000000 0.000000 0.000000 0.000000
16.809258 45.591779 0.375147 -1.031690 0.000000 0.000000 0.000000 0.000000 0.000000
20.915984 45.591779 0.344910 -1.031690 0.000000 0.000000 0.000000 0.000000 0.000000
25.027361 45.591779 0.337679 -1.031690 0.000000 0.000000 0.000000 0.000000 0.000000
29.148040 45.591779 0.329134 -1.031690 0.000000 0.000000 0.000000 0.000000 0.000000
33.257866 45.591779 0.326504 -1.031690 0.000000 0.000000 0.000000 0.000000 0.000000
37.369243 45.591779 0.322560 -1.031690 0.000000 0.000000 0.000000 0.000000 0.000000
41.485271 45.591779 0.317959 -1.031690 0.000000 0.000000 0.000000 0.000000 0.000000
45.596648 45.591779 0.332420 -1.031690 0.000000 0.000000 0.000000 0.000000 0.000000
49.708025 45.591779 0.316644 -1.031690 0.000000 0.000000 0.000000 0.000000 0.000000
0.337395 49.706257 0.425762 -1.031690 0.000000 0.000000 0.000000 0.000000 0.000000
4.468926 49.704707 0.409986 -1.031690 0.000000 0.000000 0.000000 0.000000 0.000000
8.577202 49.704707 0.402755 -1.031690 0.000000 0.000000 0.000000 0.000000 0.000000
12.690130 49.704707 0.394210 -1.031690 0.000000 0.000000 0.000000 0.000000 0.000000
16.809258 49.704707 0.383692 -1.031690 0.000000 0.000000 0.000000 0.000000 0.000000
20.917534 49.704707 0.375804 -1.031690 0.000000 0.000000 0.000000 0.000000 0.000000
25.028911 49.704707 0.365944 -1.031690 0.000000 0.000000 0.000000 0.000000 0.000000
29.148040 49.704707 0.357399 -1.031690 0.000000 0.000000 0.000000 0.000000 0.000000
33.256316 49.704707 0.351483 -1.031690 0.000000 0.000000 0.000000 0.000000 0.000000
37.367693 49.704707 0.348854 -1.031690 0.000000 0.000000 0.000000 0.000000 0.000000
41.485271 49.704707 0.344252 -1.031690 0.000000 0.000000 0.000000 0.000000 0.000000
45.598198 49.704707 0.343595 -1.031690 0.000000 0.000000 0.000000 0.000000 0.000000
49.709575 49.704707 0.338336 -1.031690 0.000000 0.000000 0.000000 0.000000 0.000000
